CRTA=45.7953420,15.9730817,117,90
PARK=45.7961239,15.9741788,117,90
NOA=44.5375718,14.9151876,4,-90

